100
0 682 345
1 770 791
2 585 960
3 595 381
4 174 503
5 638 984
6 917 857
7 79 49
8 572 786
9 407 998
10 345 356
11 11 657
12 672 303
13 134 940
14 954 803
15 643 878
16 54 339
17 350 367
18 649 85
19 539 401
20 990 164
21 145 726
22 399 887
23 560 758
24 64 7
25 396 579
26 603 686
27 25 223
##end
28 280 142
29 406 364
30 27 527
31 172 487
32 95 743
33 253 659
34 636 469
35 448 822
36 114 406
37 211 985
38 647 500
39 992 763
40 160 13
41 470 975
42 312 597
43 911 888
44 42 911
45 236 331
46 242 606
47 618 167
48 642 240
49 988 389
50 591 529
51 511 459
52 850 572
53 323 236
54 40 874
55 771 201
56 493 957
57 321 289
58 311 729
59 901 990
60 626 899
61 857 953
62 912 297
63 889 786
64 489 715
65 580 478
66 903 752
67 588 698
68 946 270
69 574 414
70 733 369
71 950 887
72 497 76
73 855 141
##start
74 631 101
75 264 941
76 770 290
77 938 770
78 609 913
79 451 168
80 963 267
81 673 363
82 842 467
83 730 690
84 886 921
85 434 812
86 114 962
87 730 840
88 74 280
89 530 910
90 31 252
91 205 361
92 970 343
93 396 117
94 925 691
95 27 118
96 304 519
97 730 269
98 714 474
99 80 554
0-29
0-57
0-88
1-96
2-7
2-65
5-26
7-26
7-63
8-55
10-60
12-70
13-99
14-26
15-87
17-44
18-61
18-80
18-83
19-84
19-94
20-39
20-74
20-91
22-14
22-45
24-64
25-20
26-95
27-1
27-4
28-58
30-16
30-36
31-99
32-90
34-45
34-97
35-4
35-77
37-55
38-36
39-75
40-27
40-31
40-80
41-74
43-19
43-52
44-76
45-20
45-59
46-9
46-15
46-61
48-29
50-15
51-42
52-97
54-94
56-5
58-74
59-9
59-68
61-40
63-8
63-72
64-67
65-26
66-19
66-70
66-91
68-88
69-14
69-38
72-38
72-83
73-21
73-81
75-99
76-42
80-87
81-45
83-97
84-75
86-26
86-78
87-29
88-11
91-64
92-71
93-10
93-66
94-47
94-50
97-80
97-97
